4294967279,86
4294967279,85
4294967279,84
4294967279,83
4294967279,82
4294967279,14
4294967279,8
0,5
4294967294,1156
4294967294,1155
4294967294,1154
4294967294,1153
4294967294,1085
4294967294,1083
4294967294,1079
4294967294,1077
4294967294,1074
4294967294,1072
4294967294,1070
4294967294,422
4294967294,67
4294967294,401
4294967294,190
4294967294,185
4294967294,176
4294967294,173
4294967294,162
4294967294,161
4294967294,93
4294967294,95
4294967278,167
4294967294,438
4294967294,43
4294967294,25
4294967294,92
4294967294,88
4294967294,1248
4294967293,131
4294967293,130
4294967293,129
4294967293,128
4294967293,127
4294967293,126
4294967293,125
4294967293,124
4294967293,123
4294967293,122
4294967293,121
4294967293,120
4294967293,119
4294967293,118
4294967293,117
4294967293,116
4294967293,115
4294967293,114
4294967293,113
4294967293,112
4294967293,111
4294967293,110
4294967293,109
4294967293,108
4294967293,107
4294967293,106
4294967293,105
4294967293,104
4294967293,103
4294967293,102
4294967293,101
4294967293,100
4294967293,99
4294967293,98
4294967293,97
4294967293,96
4294967293,95
4294967293,94
4294967293,93
4294967293,92
4294967293,91
4294967293,90
4294967293,89
4294967293,87
4294967293,86
4294967293,85
4294967293,84
4294967293,83
4294967293,82
4294967293,81
4294967293,80
4294967293,79
4294967293,78
4294967293,77
4294967293,76
4294967293,75
4294967293,74
4294967293,73
4294967293,72
4294967293,71
4294967293,70
4294967293,69
4294967293,68
4294967293,67
4294967293,66
4294967293,65
4294967293,64
4294967293,63
4294967293,62
4294967293,61
4294967293,60
4294967293,59
4294967293,58
4294967293,57
4294967293,56
4294967293,55
4294967293,54
4294967293,53
4294967293,52
4294967293,51
4294967293,50
4294967293,49
4294967293,48
4294967293,47
4294967293,46
4294967293,45
4294967293,44
4294967293,43
4294967293,42
4294967293,41
4294967293,40
4294967293,39
4294967293,38
4294967293,37
4294967293,36
4294967293,35
4294967293,34
4294967293,33
4294967293,32
4294967293,31
4294967293,30
4294967293,29
4294967293,28
4294967293,27
4294967293,26
4294967293,25
4294967293,24
4294967293,23
4294967293,22
4294967293,21
4294967293,20
4294967293,19
4294967293,18
4294967293,17
4294967293,16
4294967293,15
4294967293,14
4294967293,13
4294967293,12
4294967293,11
4294967293,10
4294967293,9
4294967293,8
4294967293,7
4294967293,6
4294967293,5
4294967293,4
4294967293,3
4294967278,61
4294967279,120
4294967279,118
4294967279,116
4294967279,115
4294967279,114
4294967279,113
4294967279,112
4294967279,111
4294967279,110
4294967279,106
4294967279,104
4294967279,102
4294967279,101
4294967279,100
4294967279,99
4294967279,98
4294967279,97
4294967279,96
4294967279,92
4294967279,90
4294967279,87
4294967279,174
4294967278,298
4294967278,164
4294967279,165
4294967279,162
4294967278,160
4294967279,156
4294967278,155
4294967278,154
4294967279,152
4294967278,151
4294967279,151
4294967278,150
4294967279,147
4294967279,146
4294967278,142
4294967279,142
4294967279,141
4294967279,140
4294967279,137
4294967278,136
4294967279,294
4294967279,135
4294967279,272
4294967279,280
4294967278,381
4294967279,278
4294967278,378
4294967294,1086
4294967294,118
4294967294,113
4294967294,111
4294967294,180
124,6
124,5
124,4
124,3
124,2
124,1
4294967278,250
4294967279,122
4294967278,318
4294967279,121
4294967278,388
4294967294,488
4294967279,119
4294967279,117
4294967279,109
4294967279,228
4294967279,108
4294967279,226
4294967278,224
4294967279,107
4294967279,224
4294967279,105
4294967279,103
121,5
121,4
121,3
121,2
121,1
4294967278,208
4294967279,95
4294967279,94
4294967279,93
4294967294,1159
4294967294,1081
4294967294,182
4294967294,163
4294967294,1084
4294967279,91
4294967279,89
4294967278,197
119,5
119,4
119,3
119,2
119,1
4294967278,196
4294967278,372
4294967279,196
4294967294,1443
4294967279,195
4294967294,1426
4294967294,1442
4294967294,458
4294967294,456
117,4
117,3
117,2
117,1
4294967279,193
4294967294,1441
4294967294,487
4294967278,191
4294967279,192
4294967294,1429
4294967294,1428
4294967279,190
4294967279,191
4294967279,423
4294967279,311
116,6
4294967279,188
4294967279,461
4294967279,310
4294967278,187
116,5
116,4
4294967279,186
116,3
116,2
116,1
4294967279,460
4294967278,184
4294967278,183
4294967294,486
4294967278,182
4294967279,183
115,5
4294967278,180
4294967279,181
115,4
4294967278,179
115,3
115,2
115,1
4294967279,180
4294967278,178
4294967279,179
4294967278,301
4294967279,406
4294967278,359
4294967278,358
4294967279,173
4294967278,171
4294967279,172
4294967278,170
4294967279,169
4294967279,171
114,5
4294967278,169
114,4
4294967279,170
114,3
114,2
114,1
4294967278,168
4294967294,1440
4294967279,168
4294967294,485
4294967279,166
4294967278,165
113,5
4294967278,163
113,4
4294967279,164
113,3
113,2
113,1
4294967279,459
4294967278,162
4294967279,163
4294967278,161
4294967294,1087
4294967278,159
4294967278,357
4294967278,294
4294967279,161
4294967278,356
4294967279,159
4294967278,157
4294967278,156
111,4
4294967278,153
111,3
111,2
111,1
4294967279,153
4294967278,152
4294967279,432
4294967279,431
4294967279,398
4294967279,397
4294967279,299
4294967278,305
4294967279,298
4294967279,297
4294967278,366
4294967278,331
4294967279,295
4294967278,290
4294967279,458
4294967279,88
4294967278,276
4294967279,290
4294967279,134
4294967278,286
4294967278,60
4294967278,59
4294967278,58
4294967278,57
4294967278,299
4294967278,56
4294967278,369
4294967278,55
4294967278,54
4294967278,53
4294967278,368
4294967278,52
4294967278,51
4294967278,296
